((("delete" .
   [0 0 1 0 0 0])
  ("parse" .
   [0 0 0 1 0])
  ("map" .
   [1 0 0])
  ("rst" .
   [1 0 0])
  ("else" .
   [0 0 1 0])
  ("end" .
   [1 0 0])
  ("start" .
   [1 0 0 0 0])
  ("zrangebyscore" .
   [0 1 0 0 0 0 0 0 0 0 0 0 0])
  ("JSON" .
   [0 1 1 0])
  ("id" .
   [6 0])
  ("reply" .
   [4 0 0 4 0])
  ("this" .
   [0 0 0 3])
  ("article" .
   [1 1 5 0 0 0 0])
  ("redis" .
   [1 0 0 0 0])
  ("hmset" .
   [1 0 0 0 0])
  ("lable" .
   [1 1 2 0 0])
  ("date" .
   [2 0 1 0])
  ("context" .
   [1 1 0 2 1 0 0])
  ("title" .
   [0 0 1 1 0])
  ("save" .
   [1 0 0 0])
  ("prototype" .
   [0 0 0 0 0 1 0 0 0])
  ("Article" .
   [0 4 4 0 0 0 0])
  ("async" .
   [1 0 0 0 0])
  ("s" .
   [1])
  ("a" .
   [1])
  ("log" .
   [1 0 0])
  ("false" .
   [1 0 0 2 0])
  ("ok" .
   [1 0])
  ("null" .
   [8 0 0 0])
  ("callback" .
   [3 0 3 0 8 3 1 0])
  ("err" .
   [17 0 0])
  ("admin_name" .
   [0 0 0 0 0 0 0 1 0 0])
  ("test_admin" .
   [1 0 0 0 0 1 0 0 0 0])
  ("get" .
   [2 0 0])
  ("db_passwd" .
   [2 0 0 0 0 0 0 0 0])
  ("done" .
   [5 0 0 0])
  ("true" .
   [3 0 0 0])
  ("db" .
   [1 0])
  ("require" .
   [0 0 3 1 0 0 0])
  ("w" .
   [18])
  ("Admin" .
   [5 0 0 0 0])
  ("function" .
   [0 1 1 16 3 0 0 0])
  ("adminname" .
   [1 0 0 1 0 0 0 0 0])
  ("passwd" .
   [4 0 1 1 0 0])
  ("module" .
   [1 0 1 0 0 0])
  ("exports" .
   [1 0 1 0 0 0 0])
  ("admin" .
   [2 0 0 0 0])
  ("t" .
   [1])
  ("foo" .
   [1 0 0])
  ("weight" .
   [0 0 2 0 0 0])
  ("height" .
   [0 0 0 1 0 0])
  ("src" .
   [1 0 0])
  ("/script" .
   [0 0 0 1 0 0 0])
  ("var" .
   [0 0 1])
  ("forn" .
   [1 0 0 0])
  ("form" .
   [1 0 0 0])
  ("fileSelect" .
   [1 0 0 0 1 0 0 0 0 0])
  ("uploa" .
   [1 0 0 0 0])
  ("file" .
   [4 0 0 0])
  ("ulbutton" .
   [1 0 0 2 0 0 0 0])
  ("$" .
   [4])
  ("button" .
   [1 0 1 0 0 0])
  ("click" .
   [0 0 1 0 0])
  ("event" .
   [1 0 1 0 0])
  ("files" .
   [3 0 1 0 1])
  ("fo" .
   [1 0])
  ("formData" .
   [1 0 0 0 0 0 1 0])
  ("with" .
   [1 0 0 0])
  ("i" .
   [4])
  ("length" .
   [0 0 1 0 0 0])
  ("continue" .
   [0 0 0 0 0 1 0 0])
  ("XMLHttpRequest" .
   [0 0 0 1 0 0 0 0 0 0 0 0 0 0])
  ("xhr" .
   [1 0 0])
  ("type" .
   [0 0 1 1])
  ("on" .
   [3 0])
  ("submit" .
   [2 0 0 1 0 0])
  ("preventDefault" .
   [0 0 0 1 0 0 0 0 0 0 0 0 0 0])
  ("d" .
   [1])
  ("data" .
   [5 0 0 0])
  ("FormData" .
   [0 0 0 0 0 0 0 1])
  ("append" .
   [1 0 0 0 0 0])
  ("alert" .
   [0 0 0 1 0])
  ("error" .
   [0 0 0 2 0])
  ("/scripts" .
   [1 0 0 0 0 0 0 0])))
